2000
0.98652493 0.99175271
0.65639215 0.59795781
0.16519982 0.42716962
0.12662364 0.30115455
0.35354648 0.30095891
0.93201566 0.41987281
0.67418271 0.39555913
0.72185906 0.89763892
0.97655854 0.18670261
0.22184383 0.43186590
0.18770172 0.19534655
0.89571422 0.80845741
0.26062059 0.18776815
0.25452390 0.78972331
0.02651408 0.92683241
0.10212087 0.01303901
0.91858512 0.75851302
0.61099681 0.08378494
0.18568264 0.73762045
0.38493949 0.53922911
0.03857936 0.31695515
0.95910193 0.71276207
0.71251428 0.68096099
0.61040099 0.68907282
0.86766359 0.83224483
0.12093872 0.05536531
0.02759138 0.01665294
0.86382272 0.28821197
0.20442109 0.11834662
0.07793528 0.23093517
0.04517903 0.18005616
0.24397418 0.96376415
0.93856918 0.85497099
0.04754910 0.12425181
0.59259145 0.43248859
0.66348093 0.63117081
0.74944374 0.62258285
0.34393288 0.46195802
0.30354384 0.95433387
0.15103084 0.17120743
0.78657870 0.27196955
0.22657275 0.81417007
0.28862249 0.09039547
0.10238204 0.49304359
0.20874209 0.18031733
0.72397876 0.25392112
0.36037348 0.96795294
0.21768527 0.29894266
0.82292393 0.26523436
0.42319447 0.41551537
0.69772295 0.08667540
0.04668618 0.44716670
0.70925826 0.39061906
0.90912472 0.01280210
0.34495293 0.06015555
0.18400953 0.13153163
0.33212511 0.41058228
0.94570171 0.62074760
0.50097774 0.04808375
0.11379119 0.70971983
0.22840107 0.83776995
0.96364095 0.58877456
0.80572288 0.18132622
0.88771722 0.62864681
0.44656058 0.31091169
0.04416218 0.14428354
0.39758709 0.09084836
0.59145023 0.10684535
0.48146742 0.50057495
0.11964744 0.82642036
0.56073050 0.30365697
0.95795199 0.89285561
0.71423925 0.90365369
0.51360320 0.21521699
0.95173744 0.62739439
0.92493682 0.18013851
0.46516434 0.88857777
0.76891307 0.27088722
0.06990399 0.65663028
0.89953403 0.51646457
0.96754197 0.94369621
0.66074811 0.36512906
0.03454457 0.25219834
0.47197441 0.51601199
0.75277329 0.59162185
0.34243235 0.31350378
0.89527883 0.30038434
0.20635939 0.60951808
0.20403803 0.71996259
0.82473507 0.15577547
0.34735699 0.74967190
0.33591398 0.81252132
0.63824967 0.10482705
0.08340854 0.70815366
0.76145734 0.98294257
0.22461822 0.72899931
0.92663878 0.88536633
0.09412837 0.96118334
0.13756467 0.56610278
0.47719534 0.89033795
0.15772464 0.81962768
0.20384174 0.05300346
0.12001202 0.41020113
0.66252154 0.32405005
0.13016372 0.48725661
0.47982552 0.47752071
0.23692851 0.81573951
0.29004203 0.87517818
0.92056656 0.37345057
0.58333183 0.68202390
0.35639313 0.80795006
0.41102321 0.28303191
0.69331639 0.50515158
0.24421525 0.83088106
0.07125436 0.72141059
0.72121901 0.22897900
0.54103827 0.92506075
0.28198247 0.66105029
0.33526187 0.94450401
0.98510035 0.46542559
0.43176062 0.46492587
0.94294630 0.66868913
0.28066537 0.23298833
0.54386731 0.20123193
0.60643889 0.12719915
0.88325583 0.96283203
0.93514921 0.29427904
0.24586394 0.62846559
0.79943062 0.49007919
0.45934665 0.87068498
0.21148978 0.18056566
0.09966398 0.75252805
0.10562640 0.38164645
0.41357835 0.44088828
0.32615046 0.39867869
0.90631387 0.75791108
0.86360456 0.84926017
0.42660021 0.14426993
0.08224849 0.97046753
0.34550186 0.68868738
0.09766667 0.22875769
0.65151941 0.03281588
0.52303673 0.89738335
0.66128147 0.32246735
0.38746254 0.12062812
0.19315233 0.59895232
0.30119378 0.29281631
0.35148037 0.40682018
0.67446276 0.76505871
0.84770846 0.00061322
0.16373740 0.75402233
0.75852430 0.02734196
0.60328250 0.18512451
0.17161189 0.68553099
0.15559204 0.51711376
0.37421837 0.25325871
0.74587145 0.02573779
0.28607458 0.26890818
0.92312113 0.94735606
0.59137553 0.31058367
0.06798417 0.78452786
0.90953599 0.36917795
0.07734417 0.26101636
0.77599814 0.75180693
0.02607507 0.62370660
0.75242015 0.18981248
0.37772893 0.51094445
0.21715444 0.98101143
0.69606896 0.38876633
0.66654242 0.85166100
0.90588009 0.04076079
0.10491971 0.65175154
0.06649857 0.39099429
0.92065972 0.98961971
0.33835035 0.51203524
0.30020338 0.40633452
0.29656310 0.20973937
0.77551248 0.37390727
0.47075573 0.55151062
0.12571420 0.49683080
0.17521721 0.87813435
0.68664328 0.55294614
0.38907880 0.90379771
0.53395757 0.08514776
0.29256404 0.20049998
0.93680876 0.19844413
0.24126077 0.04172847
0.85019567 0.30775935
0.43272277 0.77085539
0.29737906 0.77107311
0.28289063 0.59758244
0.17740764 0.57945373
0.80732181 0.95292011
0.95336100 0.27807754
0.50443073 0.07907520
0.77490834 0.67964794
0.95720955 0.46155162
0.23259409 0.34628835
0.36534933 0.76655165
0.43143611 0.65791337
0.96705164 0.36824488
0.85635751 0.20831241
0.40997335 0.70655318
0.51607176 0.84269611
0.47740856 0.81345082
0.61376923 0.76029919
0.41103326 0.79117686
0.33975292 0.21835507
0.74409698 0.29311392
0.49643261 0.24852771
0.37218912 0.27134095
0.92817565 0.32939867
0.73289257 0.16076973
0.67568702 0.09824190
0.92732139 0.10712313
0.75615527 0.89437303
0.47536801 0.61251278
0.10268544 0.88534135
0.31906595 0.61875720
0.72803747 0.79647451
0.43220802 0.34180669
0.55677371 0.84324128
0.13298356 0.89652663
0.06159636 0.87708053
0.18964055 0.55802897
0.12560824 0.56182967
0.82936992 0.05378389
0.89122834 0.56226248
0.21455362 0.56691535
0.66050438 0.14187501
0.67403848 0.41665965
0.03624804 0.14940649
0.02917242 0.13893348
0.03474784 0.34823838
0.75769068 0.76278531
0.14471289 0.18989870
0.10459200 0.70148660
0.03313999 0.23757556
0.59801322 0.09473634
0.11465610 0.78765377
0.65276531 0.24026434
0.34948344 0.48213523
0.29404823 0.24071178
0.04439771 0.50860185
0.80762713 0.70490209
0.65047686 0.48166561
0.12156174 0.68672489
0.63107210 0.15073416
0.82565837 0.66581995
0.49897254 0.58334905
0.42860526 0.64368543
0.77324776 0.53319726
0.34517202 0.80638774
0.77077282 0.94318525
0.90112409 0.88542892
0.73083902 0.55388940
0.12569326 0.08032246
0.03602463 0.41974148
0.32103424 0.08042234
0.92834333 0.12866137
0.78532443 0.57882019
0.61032698 0.90688617
0.26554508 0.24139909
0.05762033 0.09120345
0.90721903 0.55659287
0.67455251 0.33582429
0.20027829 0.44780026
0.86902155 0.54545032
0.25418801 0.63979438
0.48863556 0.15531210
0.52522330 0.21947458
0.70920149 0.65091656
0.29979704 0.74522612
0.07065804 0.62083128
0.82564846 0.99900137
0.74949265 0.61097289
0.57782156 0.35981964
0.51785905 0.84336664
0.60121872 0.57547938
0.93457009 0.50843776
0.13207224 0.60912260
0.84426205 0.33235054
0.05692286 0.71328360
0.87780085 0.31111087
0.35307797 0.36643641
0.46642296 0.87830127
0.58591100 0.17562446
0.52921783 0.88570804
0.92085058 0.59987587
0.50653933 0.74649903
0.59887723 0.25603198
0.35747192 0.17669879
0.61585162 0.87533097
0.02006543 0.21707034
0.45081035 0.95463552
0.72550810 0.58288259
0.56375811 0.56977014
0.91523313 0.62068097
0.28305374 0.79303398
0.93179184 0.63613171
0.15947039 0.39821480
0.51443298 0.74538139
0.57383926 0.04365081
0.63108943 0.49468983
0.64352668 0.13762876
0.24118887 0.24240391
0.39366074 0.59866079
0.41910270 0.00951235
0.47399176 0.43916813
0.22658269 0.92480211
0.39380365 0.95209079
0.50768470 0.95756176
0.52186093 0.42291783
0.57824273 0.80491467
0.21595181 0.51003457
0.44104638 0.37542220
0.90824937 0.95547937
0.12080359 0.48208863
0.99913018 0.75189303
0.97677846 0.64265686
0.88952178 0.21796733
0.88506077 0.28318252
0.81662812 0.30416347
0.29269487 0.29061988
0.74333160 0.51927756
0.21542199 0.13713524
0.47136835 0.72310669
0.09469701 0.99322928
0.14602452 0.67293974
0.79814395 0.36197633
0.18297431 0.23919033
0.73739853 0.09122368
0.19466970 0.85820213
0.57331232 0.19379987
0.61009515 0.55009078
0.83645673 0.49961694
0.76805811 0.72151750
0.78279945 0.58468623
0.02568096 0.07549432
0.87530611 0.76901256
0.59477188 0.09072810
0.90614781 0.06614023
0.81383479 0.00084481
0.05936951 0.95985930
0.67378455 0.85751346
0.32183563 0.85675886
0.09670379 0.05923416
0.94798255 0.29137348
0.91743629 0.52129486
0.48517336 0.52753144
0.07138564 0.32163009
0.02714838 0.83944375
0.04314758 0.80994783
0.42412999 0.06882855
0.88544215 0.29943610
0.83784111 0.48021403
0.39016419 0.74398892
0.54635427 0.20399898
0.74483373 0.60572378
0.16385828 0.41861829
0.46323723 0.48569391
0.27537715 0.55994102
0.54492807 0.22335970
0.85131451 0.46236436
0.74465456 0.33648786
0.98989580 0.81604020
0.65811795 0.01704418
0.65548395 0.70126554
0.82699201 0.07961394
0.77009409 0.71243416
0.37905004 0.60793520
0.19264819 0.76921423
0.35192412 0.73900246
0.97321321 0.09675785
0.34472623 0.13707149
0.51537614 0.80796347
0.62276540 0.79075329
0.36790449 0.16769348
0.01411298 0.21921900
0.63005784 0.75876754
0.55570686 0.61995365
0.57480774 0.21382481
0.63699783 0.23029170
0.91509035 0.46398983
0.30990564 0.68518444
0.17642399 0.68895567
0.29311963 0.36907219
0.45816990 0.64504375
0.10807464 0.43138311
0.74180161 0.45280088
0.56845460 0.25717775
0.26076435 0.19122001
0.04793104 0.62866884
0.35891349 0.06204402
0.84788783 0.98897133
0.82081156 0.40359469
0.60892497 0.39561930
0.61741951 0.24592280
0.62591100 0.53250986
0.70991263 0.93581664
0.21769429 0.88633662
0.62477231 0.51081392
0.25540881 0.08294221
0.15585768 0.36348345
0.51432532 0.89765929
0.81628433 0.08277992
0.15483703 0.07704868
0.27399993 0.20276807
0.70571752 0.63291342
0.26481209 0.55360535
0.62188474 0.08562365
0.95720005 0.23080972
0.48124295 0.57461955
0.47673251 0.10715395
0.10712941 0.18664515
0.04297059 0.32482370
0.07298177 0.66774290
0.83563762 0.32839058
0.75068511 0.99149530
0.69187403 0.26501043
0.88915459 0.50815836
0.34779035 0.04399162
0.58520704 0.62179028
0.24675968 0.29092456
0.25470369 0.51157177
0.84452991 0.87658844
0.59719542 0.80172996
0.10739815 0.07843837
0.37634951 0.58413066
0.18559233 0.48347891
0.77077581 0.22856292
0.80830261 0.84375758
0.89630581 0.64394023
0.17214816 0.64699092
0.63543553 0.86402219
0.91200134 0.52459012
0.37218055 0.25979169
0.56858173 0.95738760
0.88158197 0.81534142
0.24831215 0.13628566
0.32691319 0.09284207
0.01287410 0.92410861
0.89457202 0.12027225
0.00254698 0.27092153
0.70440291 0.18813931
0.75440044 0.47517872
0.41670222 0.56270305
0.31893630 0.31300804
0.20664328 0.49108446
0.95999896 0.84207882
0.35510665 0.87200030
0.36666893 0.72728720
0.13179199 0.93525066
0.68467480 0.01337396
0.75059208 0.93298695
0.14965962 0.07750527
0.02582902 0.16253372
0.00161388 0.92040104
0.28280597 0.00416086
0.19132257 0.98720888
0.19230016 0.94572301
0.46238760 0.60900239
0.50842606 0.78132390
0.92201043 0.71506935
0.27240836 0.88200938
0.55714816 0.62751501
0.75400968 0.92381709
0.35480221 0.88580168
0.85906776 0.03947701
0.89917564 0.60965984
0.97246396 0.04883527
0.68716511 0.99829297
0.21136899 0.68877898
0.91869401 0.49417496
0.69293984 0.11001658
0.48138384 0.88524000
0.05573959 0.94377144
0.49424239 0.56416565
0.72509534 0.41625282
0.27923499 0.99750371
0.29826220 0.83638316
0.62501872 0.05227188
0.76020025 0.97982093
0.93807356 0.61926801
0.01929793 0.83724920
0.22892784 0.99176189
0.88608447 0.91609295
0.99005486 0.09745346
0.60487193 0.90874887
0.59162841 0.29781177
0.01876545 0.07301225
0.18305177 0.07450504
0.01678369 0.67729416
0.63867068 0.74187904
0.09354697 0.91790568
0.73938274 0.39180917
0.75428883 0.36440146
0.44408105 0.51448908
0.34422239 0.38215461
0.13375708 0.36352032
0.21940382 0.36268493
0.35528221 0.10548828
0.27877788 0.34533707
0.20294174 0.88364981
0.25408594 0.79457015
0.18146157 0.27285139
0.86758240 0.36451334
0.34735643 0.88436609
0.04180750 0.98602711
0.62624513 0.13535447
0.90393279 0.36562787
0.52716364 0.65822162
0.73002932 0.97124469
0.17271070 0.07425171
0.35339930 0.30646778
0.43777203 0.57280312
0.66915271 0.79305424
0.67829140 0.94793059
0.13839131 0.88123314
0.83158039 0.39247725
0.67580329 0.01304196
0.66532865 0.54338569
0.37755530 0.01268508
0.42775178 0.41936280
0.99871219 0.05399691
0.55471727 0.90264498
0.41962477 0.08188090
0.56086660 0.14965410
0.05312560 0.73357729
0.22390581 0.40652490
0.04004508 0.66167784
0.97932802 0.70919779
0.45473207 0.65761942
0.65712837 0.59312338
0.53885256 0.48870877
0.98560064 0.21465585
0.50175073 0.65092928
0.75804155 0.87930603
0.66361436 0.18579333
0.29866883 0.66232655
0.23979024 0.85338610
0.56497153 0.65941501
0.93526700 0.12583813
0.80906911 0.98839260
0.85941542 0.03297492
0.39491750 0.89946050
0.69465276 0.37424552
0.60865829 0.14938483
0.03186494 0.26578666
0.74250821 0.57071751
0.75449542 0.72810885
0.78537336 0.25624615
0.37903813 0.54341491
0.13555218 0.04265250
0.72920824 0.43422102
0.70497905 0.96899847
0.28760711 0.26995058
0.62841348 0.22287411
0.39578870 0.43748259
0.21126671 0.25520413
0.47045751 0.60618421
0.15466462 0.16511027
0.98042973 0.76332291
0.31449510 0.01229467
0.02910957 0.05700331
0.58301218 0.78360499
0.78511216 0.36838554
0.03985114 0.16415030
0.91180045 0.17540333
0.20680279 0.64100868
0.60962434 0.91178184
0.61000715 0.89723146
0.18173242 0.23842063
0.12010557 0.57752112
0.67590322 0.33137228
0.83272525 0.14636074
0.93755650 0.98738987
0.31147100 0.91798623
0.75071278 0.62596610
0.93028090 0.77982235
0.68296941 0.51329308
0.56342734 0.46808157
0.88167861 0.60327848
0.63223187 0.79347906
0.77868181 0.83903466
0.43448774 0.38830616
0.75081650 0.04449489
0.28553761 0.93254892
0.28291552 0.40564318
0.51007004 0.95881875
0.73701547 0.34279529
0.10517948 0.67457197
0.33018516 0.41665049
0.59255819 0.08089794
0.04261659 0.52283909
0.86072029 0.72558600
0.03613216 0.42414763
0.19366757 0.91781078
0.02742611 0.82589944
0.71128984 0.80610792
0.66493411 0.14577758
0.19441407 0.41575061
0.19027247 0.47995169
0.34829953 0.47318799
0.88559487 0.85836957
0.43200674 0.62261034
0.20116486 0.53718623
0.29718231 0.53135002
0.95383672 0.88974050
0.61224796 0.99645330
0.41257958 0.47296824
0.72203930 0.44871175
0.89711587 0.91570688
0.36652252 0.92454198
0.74160632 0.07781236
0.73064989 0.40654043
0.22358994 0.92506397
0.82229104 0.41386241
0.40501565 0.17059056
0.88705040 0.29061052
0.02896013 0.31905714
0.91322086 0.23012498
0.85624337 0.21040317
0.76147500 0.81008009
0.10014367 0.37372295
0.80653339 0.51272325
0.84669120 0.52857269
0.96143500 0.74380707
0.44427957 0.32795752
0.66834904 0.18588589
0.40576988 0.39899894
0.59242632 0.62935981
0.32406290 0.41471736
0.04322222 0.72907856
0.58530792 0.93027262
0.01968908 0.61426804
0.24932976 0.93290994
0.84439303 0.10557313
0.14331311 0.60586802
0.91565322 0.24345678
0.97959098 0.72218661
0.75618003 0.82628217
0.25075930 0.71761502
0.57008924 0.69503887
0.04557254 0.23843828
0.88092477 0.45134242
0.63743721 0.47335109
0.08070223 0.96150012
0.88806845 0.12392445
0.69057868 0.47337637
0.05419707 0.71026775
0.08764441 0.30352684
0.64317770 0.93203744
0.40909997 0.78649081
0.53790546 0.32475319
0.02994758 0.51749643
0.04693980 0.78612761
0.34377861 0.29769910
0.50374263 0.91386784
0.99273797 0.54931517
0.15230612 0.87366274
0.00065759 0.78974334
0.34701383 0.08135982
0.75124346 0.23508227
0.20528427 0.44182213
0.70845864 0.25948135
0.15208989 0.79610305
0.56300818 0.79526758
0.72814049 0.97210815
0.58175839 0.26604594
0.29686135 0.61170597
0.78354238 0.34380114
0.39783358 0.12732099
0.64150024 0.90157622
0.04118883 0.63423822
0.45089139 0.19349495
0.50790095 0.45154897
0.98323829 0.85491478
0.53290880 0.73448175
0.08999706 0.73819307
0.17630388 0.79845570
0.99767441 0.32839376
0.59455875 0.56068260
0.12366134 0.32269923
0.53279075 0.70541973
0.58874518 0.82965210
0.31712571 0.37228755
0.17345324 0.71495929
0.49960854 0.81495348
0.61653551 0.54079737
0.44919170 0.06742689
0.73429232 0.95709265
0.51897587 0.71753061
0.81200744 0.05188466
0.45201236 0.90200449
0.79007773 0.62831623
0.70046019 0.78775214
0.95670999 0.29501893
0.34843474 0.08037133
0.61771817 0.88122549
0.78579107 0.20646334
0.71087759 0.10291677
0.57875090 0.88433083
0.81787606 0.07835944
0.69928431 0.43441157
0.61915680 0.14847601
0.50183846 0.35344913
0.10556866 0.02081433
0.07097974 0.91757610
0.07269899 0.52299209
0.81958059 0.86277672
0.15130832 0.52004078
0.65052887 0.10801831
0.81505972 0.99896361
0.18838965 0.43277788
0.88018910 0.97418071
0.63924122 0.59106668
0.07709748 0.21799212
0.47539751 0.89497355
0.29635155 0.17468182
0.32938511 0.91550836
0.32315783 0.83122358
0.26895748 0.42872649
0.85203790 0.33993722
0.34630259 0.92473690
0.86292931 0.16588318
0.78751362 0.01423763
0.68592396 0.43804248
0.12225594 0.50098368
0.43700609 0.31064559
0.93376156 0.31719518
0.28482630 0.57300278
0.90826187 0.36192378
0.79099490 0.38365938
0.25689733 0.08734646
0.55834120 0.58628244
0.00285481 0.88149903
0.41750602 0.27181230
0.31022552 0.26954392
0.61174952 0.65652811
0.19428082 0.47467883
0.82241130 0.98179444
0.48891646 0.50833526
0.41983692 0.61117240
0.00931894 0.85684300
0.92181799 0.94308050
0.17403819 0.20664430
0.51608328 0.08230005
0.56856808 0.30707818
0.46595943 0.82546541
0.39442464 0.02430063
0.41174785 0.39727945
0.90579965 0.82925387
0.66909175 0.21602517
0.09879780 0.28084127
0.87255329 0.29307862
0.75552010 0.69496458
0.27487305 0.24443656
0.20329984 0.69470997
0.85560896 0.21261878
0.55155297 0.77742696
0.15569928 0.72559116
0.98407125 0.67178256
0.80789121 0.55263933
0.97886074 0.27385064
0.37810474 0.37328538
0.29815126 0.78985259
0.77056483 0.20395092
0.61910647 0.43965658
0.41997609 0.71790426
0.72049785 0.29252937
0.01098288 0.47601795
0.98749396 0.28585593
0.72045450 0.19079380
0.98056590 0.57606347
0.40341258 0.53211887
0.35349042 0.55911185
0.25771003 0.33756167
0.23089441 0.06560123
0.89020100 0.20975516
0.33945187 0.26830574
0.58304054 0.63760314
0.05815834 0.35360537
0.84155405 0.67726480
0.79326195 0.26153014
0.39516907 0.51375980
0.55405951 0.40615195
0.98977775 0.54155347
0.69200788 0.71023225
0.73234726 0.67257378
0.28629572 0.13575984
0.20469265 0.63978614
0.69487169 0.46240268
0.97734781 0.92576611
0.52800391 0.86754881
0.13552126 0.86745578
0.13585455 0.71856180
0.50505892 0.19401289
0.07216717 0.34661297
0.87127769 0.86542912
0.60814311 0.26644676
0.37918892 0.16220262
0.67259871 0.36896666
0.70375609 0.36460659
0.07919892 0.43610335
0.03718037 0.36549463
0.57186319 0.24187302
0.00528077 0.26673489
0.70427570 0.98262858
0.19250099 0.23227961
0.85017739 0.32802226
0.09973539 0.98603195
0.04658406 0.60479431
0.18004484 0.11875122
0.95140728 0.05132253
0.98418034 0.55955039
0.31776929 0.36336926
0.72175301 0.99036801
0.73233592 0.42550910
0.35497460 0.81153483
0.86161245 0.39215497
0.17702947 0.43347564
0.63402799 0.18231024
0.70021053 0.33830369
0.16493882 0.89271153
0.57058330 0.01511622
0.22073378 0.67031869
0.00114816 0.26731784
0.27511300 0.18119300
0.38606906 0.22652027
0.23251553 0.37024940
0.78607066 0.55028483
0.73361866 0.50782367
0.54065283 0.46595458
0.93333276 0.89562743
0.27748941 0.79494522
0.28778240 0.45451888
0.22842086 0.92181040
0.63682912 0.92863139
0.26011409 0.80176794
0.82134292 0.83069739
0.81688416 0.04207670
0.50101608 0.81803232
0.30939454 0.77612907
0.99922532 0.69546360
0.00264934 0.23174086
0.06571300 0.78872000
0.78202569 0.79933166
0.29654367 0.32267852
0.26528623 0.22987643
0.21830595 0.54277564
0.02482165 0.50608835
0.99729452 0.25324251
0.42789875 0.63412364
0.18187390 0.68801284
0.43589158 0.00321682
0.51871022 0.25277573
0.04529352 0.01972630
0.07080805 0.35468805
0.79585537 0.07003337
0.05015165 0.79850472
0.30177423 0.11586465
0.58722472 0.08379992
0.91519631 0.88376839
0.40647844 0.18048254
0.11364482 0.62478439
0.72325818 0.13846647
0.13087274 0.72055270
0.39170897 0.55877149
0.35467634 0.57358287
0.24678433 0.79056791
0.57679969 0.76549455
0.04334365 0.62209320
0.78522085 0.11415170
0.97678126 0.58107622
0.18418507 0.02693291
0.37958094 0.48595930
0.14279757 0.96680566
0.56975921 0.05799388
0.85057404 0.97623765
0.23847642 0.96421886
0.60102204 0.96173460
0.10268533 0.73189478
0.68228730 0.49439430
0.29066627 0.03696364
0.06797717 0.53745061
0.82753156 0.64477686
0.30294516 0.87087520
0.26687006 0.08816601
0.98502690 0.24365132
0.66924224 0.16921197
0.27058423 0.04882317
0.65517126 0.41338180
0.01562883 0.22493048
0.47137568 0.86620287
0.20116813 0.70985210
0.83042173 0.80219016
0.67158670 0.93310706
0.53408495 0.35387400
0.42750136 0.82475122
0.39083764 0.49547853
0.36220183 0.21836920
0.14025538 0.66514699
0.08924440 0.40712545
0.75331300 0.07427130
0.65077677 0.42255523
0.24348326 0.92136100
0.47137841 0.89865453
0.33474280 0.48700723
0.12358500 0.80611848
0.35321011 0.32475313
0.51597057 0.18363184
0.12694329 0.18755727
0.11673890 0.66102824
0.54143127 0.54424025
0.48577946 0.93226891
0.03971878 0.84798128
0.15063811 0.17997416
0.51312827 0.23988251
0.58709961 0.26644127
0.31415381 0.23787637
0.68899650 0.55763707
0.15923737 0.16037491
0.45629160 0.49398017
0.64738214 0.57987660
0.30009865 0.00059225
0.90462973 0.81606922
0.18422409 0.03157302
0.00362649 0.30096298
0.69260126 0.54505776
0.84520324 0.17838072
0.47732667 0.88492202
0.02636200 0.62796479
0.06489618 0.53949027
0.86784730 0.65199579
0.80593154 0.18200111
0.88987217 0.49492804
0.73963818 0.04910954
0.65530295 0.19592978
0.54308971 0.30268509
0.77580638 0.84318836
0.30327733 0.68043611
0.65925758 0.48750142
0.71200913 0.66288406
0.78846440 0.40461039
0.20794182 0.63366764
0.58299110 0.68526850
0.51858966 0.60935311
0.31323329 0.58348584
0.14884338 0.18108059
0.23548163 0.95477492
0.36308170 0.12535379
0.44970296 0.10271988
0.17446333 0.10500590
0.29864965 0.71755304
0.40769099 0.07445603
0.56074140 0.71096832
0.75489214 0.21999897
0.19846974 0.46690127
0.88288304 0.98693414
0.87151165 0.09082486
0.62060178 0.45450276
0.77609336 0.13919144
0.06385586 0.08932664
0.72267727 0.21269924
0.27040723 0.95815890
0.16747416 0.63348893
0.08351269 0.61717712
0.73620880 0.25797602
0.72218302 0.03485846
0.97552906 0.12987401
0.10931449 0.53627045
0.84084233 0.86420663
0.75626943 0.03931207
0.33110789 0.63915246
0.02624622 0.20261954
0.72997732 0.64684800
0.65712230 0.50607068
0.78603943 0.72097816
0.59539732 0.50871671
0.93367741 0.86580455
0.46687560 0.10115157
0.49929348 0.55038829
0.71832869 0.23550228
0.80836431 0.44051171
0.27036074 0.78389337
0.57038572 0.37967523
0.32016383 0.41122806
0.24388186 0.07643325
0.45054013 0.57498975
0.71558571 0.47678635
0.77760929 0.44556303
0.12363435 0.43473160
0.95163371 0.90967378
0.15570976 0.54703103
0.41839049 0.08938717
0.41283558 0.88526609
0.19053873 0.91212906
0.43565438 0.90886742
0.14763134 0.24401870
0.34937913 0.41799207
0.02791207 0.91976486
0.79766730 0.34807590
0.33099292 0.04154916
0.42450915 0.78153305
0.61653891 0.14009486
0.25831940 0.39414820
0.58565789 0.38195375
0.82887980 0.53729159
0.29162753 0.98458955
0.08432262 0.71001802
0.07397672 0.49715820
0.59528411 0.26451546
0.40928726 0.03093849
0.17338288 0.55691859
0.27495719 0.52276201
0.97491067 0.30286925
0.44252687 0.77257797
0.65094515 0.77351979
0.81412712 0.07545430
0.55505284 0.43066603
0.21554916 0.81337224
0.82481423 0.80120705
0.19532599 0.65369402
0.33849864 0.48695352
0.63828358 0.42282126
0.19697153 0.71226030
0.91997946 0.79225564
0.97677575 0.32926672
0.82319413 0.15015863
0.88618531 0.09815131
0.67292064 0.86109598
0.40102057 0.11544751
0.63367394 0.05196572
0.88896730 0.44780106
0.12742001 0.44402014
0.87846709 0.34296917
0.25739238 0.70328132
0.14417622 0.45271836
0.35697534 0.48267486
0.93967188 0.99525892
0.90549612 0.13664341
0.70751922 0.82547558
0.92889905 0.68429497
0.15474230 0.75209317
0.83445361 0.04092761
0.85024449 0.50737425
0.90202359 0.25126505
0.62282176 0.53569753
0.30323077 0.51178907
0.98349860 0.43065078
0.95580921 0.86196569
0.77361995 0.21320158
0.56524701 0.91779617
0.66591995 0.92222235
0.40047103 0.60559183
0.91748128 0.30596715
0.74223524 0.62500050
0.13144273 0.67113429
0.30929547 0.28618503
0.42322746 0.14374908
0.32711265 0.27347195
0.65112333 0.22913624
0.52473700 0.27394509
0.76483377 0.82796776
0.78573416 0.74833236
0.25861854 0.74154337
0.61029805 0.03223850
0.95474495 0.17554506
0.95003467 0.62066490
0.09776742 0.35050569
0.22625673 0.01524870
0.65647284 0.96849196
0.64024919 0.78791557
0.63962625 0.94954467
0.07410061 0.06285372
0.09329375 0.40121325
0.33632566 0.74441707
0.63034949 0.86106266
0.01836217 0.39518326
0.68903042 0.80409633
0.14351562 0.94764897
0.54563969 0.75381367
0.97988746 0.50038464
0.92935874 0.92992213
0.12104954 0.02712616
0.28042782 0.34730626
0.04237485 0.93690066
0.31579823 0.68262405
0.72481624 0.95542448
0.63216872 0.79891684
0.01827820 0.72546246
0.20013009 0.35460386
0.46987953 0.83047958
0.21566652 0.48824170
0.22566284 0.90469695
0.29233803 0.36917846
0.85234591 0.83797772
0.12299213 0.83223338
0.33836237 0.05235087
0.76215550 0.45941191
0.07947703 0.04258332
0.80671817 0.12185188
0.97948399 0.12251640
0.80447593 0.70430022
0.07794088 0.43664465
0.50321706 0.09621908
0.16210711 0.70334716
0.45082294 0.63198664
0.53382674 0.66648946
0.12022834 0.75948957
0.57118641 0.41256637
0.12866803 0.42353232
0.25054410 0.25166016
0.25576570 0.58890646
0.30401102 0.01792120
0.04831837 0.38348805
0.06050452 0.85503654
0.50533993 0.03998851
0.97755294 0.30981586
0.74428873 0.05549382
0.74646051 0.24750580
0.15171290 0.90856761
0.95085296 0.60253584
0.54055425 0.48467969
0.26902530 0.66078260
0.24416926 0.84021171
0.07334897 0.37283729
0.26374403 0.32389306
0.62449744 0.51950973
0.91279953 0.92850847
0.53743092 0.96111789
0.31199652 0.59793545
0.81615443 0.81733645
0.63792396 0.79370737
0.12715231 0.38221269
0.84920119 0.87361281
0.62971849 0.00091408
0.78218042 0.58057145
0.60344992 0.32273468
0.06525114 0.87247523
0.98351727 0.30942040
0.71268694 0.05686624
0.68225769 0.97643097
0.38075930 0.30675513
0.49594069 0.29355883
0.23526360 0.03337161
0.25467672 0.54726011
0.63130706 0.07083115
0.36459656 0.26923102
0.86453851 0.49174887
0.65144371 0.71373970
0.36536168 0.28116220
0.71465378 0.14754210
0.86173365 0.31810371
0.47027678 0.92698479
0.19057893 0.45379405
0.23640518 0.90326587
0.51066029 0.91866287
0.87969683 0.89141959
0.22541800 0.37563752
0.18497842 0.46068160
0.40900914 0.43965513
0.00794171 0.04031620
0.51048628 0.37253827
0.30954722 0.37502479
0.86428714 0.96099093
0.08876449 0.22964882
0.24215313 0.80341827
0.37719092 0.10388678
0.12152198 0.84746770
0.03087157 0.31210091
0.30126175 0.26727675
0.21536678 0.81192204
0.18593962 0.09506361
0.70334163 0.41135762
0.47070113 0.88832004
0.87203922 0.87971027
0.32797517 0.87998093
0.92002647 0.83846145
0.25251920 0.22957369
0.21348625 0.11680634
0.19056462 0.30225074
0.34645516 0.43271775
0.10566901 0.72364608
0.53660454 0.22719099
0.57111377 0.56747611
0.53929190 0.87237552
0.83475286 0.75465868
0.68429756 0.02069248
0.84972229 0.38763918
0.43205010 0.32042342
0.27595922 0.30408932
0.20013369 0.60393440
0.18407026 0.12016016
0.44239585 0.43658946
0.34973385 0.65588210
0.55339580 0.54029847
0.95813284 0.89985095
0.97301623 0.06380185
0.62349703 0.50962076
0.29099284 0.19461080
0.07709687 0.83028475
0.06698633 0.91184973
0.58494343 0.75128388
0.93254221 0.43466572
0.13892307 0.36459231
0.75508914 0.41488229
0.66868163 0.95522283
0.01881669 0.85275189
0.07538299 0.46121254
0.28934135 0.42511684
0.11709464 0.84273714
0.96541531 0.07522748
0.74258810 0.93843154
0.13902933 0.36608513
0.44805230 0.43002217
0.56069593 0.52514917
0.26030692 0.62768226
0.43699889 0.84525035
0.37896614 0.36954110
0.27991606 0.51788921
0.73413341 0.03500520
0.93277150 0.40281504
0.99022803 0.95158818
0.25556693 0.06561102
0.41280072 0.54490827
0.49072786 0.52989536
0.38764542 0.45614317
0.60512284 0.13023351
0.39457471 0.74415217
0.49631864 0.84262701
0.17417434 0.05701458
0.36777617 0.43448126
0.68469683 0.80477507
0.27973161 0.06366297
0.17431616 0.55964767
0.58155218 0.90844957
0.59465287 0.51432368
0.31126461 0.58488089
0.46591186 0.56683153
0.65049191 0.87871258
0.11173981 0.14121977
0.40860794 0.49938522
0.59736294 0.01373077
0.62961874 0.99193765
0.75788294 0.12593738
0.83456466 0.93205728
0.18295195 0.20234083
0.36653855 0.86764879
0.00711589 0.64627016
0.93131176 0.18143206
0.20591782 0.51286394
0.08988163 0.80057069
0.02718762 0.40114624
0.38545159 0.49309948
0.96797777 0.03594350
0.37181206 0.07971758
0.17716327 0.78041999
0.57910280 0.77452622
0.79415077 0.20872153
0.76646387 0.55203371
0.33465891 0.60102852
0.48409099 0.51761087
0.80336935 0.85062954
0.38525965 0.81048524
0.49689970 0.31657142
0.99191730 0.70281752
0.82943536 0.08179892
0.50338821 0.85662298
0.48294516 0.88883980
0.34972246 0.45092293
0.92478330 0.72153451
0.53064050 0.10194657
0.50195451 0.10974330
0.87647279 0.29610527
0.31846484 0.64293665
0.84813898 0.65312375
0.24396517 0.33222997
0.17073462 0.04733452
0.18285951 0.55599427
0.85781976 0.67975921
0.87256569 0.84973705
0.38257673 0.70200105
0.93153597 0.88596494
0.55862403 0.41448113
0.77480474 0.90834648
0.86540406 0.69958803
0.62988100 0.39604456
0.80153460 0.13183550
0.50578786 0.67800739
0.42794077 0.82425269
0.32094404 0.27607976
0.47737644 0.56490921
0.60830973 0.64811106
0.61224373 0.79116924
0.20410533 0.47006349
0.47092845 0.07667101
0.31980054 0.85350518
0.77867206 0.25133652
0.73947012 0.33729608
0.66581765 0.51427486
0.24564257 0.53122170
0.21386289 0.87552357
0.92726626 0.01539750
0.00735907 0.43305412
0.69340489 0.43529984
0.25730681 0.01434893
0.71137960 0.73468326
0.57925814 0.31968933
0.38279431 0.19150187
0.11085857 0.58689964
0.66156536 0.58178702
0.66357065 0.98136590
0.43529221 0.44224271
0.23270242 0.17476233
0.77953880 0.89852006
0.68903719 0.02518136
0.42974176 0.90290008
0.90070493 0.35700802
0.91829758 0.90806400
0.79006214 0.61170247
0.34336384 0.04736895
0.62605140 0.05474344
0.78205221 0.20530954
0.37443276 0.16484652
0.39681141 0.48529134
0.75174616 0.05837676
0.06707836 0.41531682
0.03974266 0.50237057
0.85755953 0.27244508
0.67713289 0.63709833
0.17096514 0.36617008
0.66227969 0.60070690
0.26907017 0.56298462
0.95771493 0.18736775
0.47104862 0.74777707
0.79907022 0.81441246
0.79514602 0.42512162
0.86915590 0.57719823
0.63043115 0.24358866
0.74204476 0.02724256
0.72887999 0.49379092
0.08561932 0.79595835
0.90910774 0.12536199
0.29832892 0.76666727
0.39780706 0.97546181
0.40376559 0.56877221
0.34163190 0.06604528
0.16947911 0.61070206
0.62902991 0.12719404
0.79806981 0.10007852
0.87497111 0.59714003
0.91449098 0.67011713
0.02226165 0.78364688
0.24731537 0.65269280
0.02723554 0.98936012
0.67993536 0.75611553
0.48315104 0.76555468
0.55207388 0.39225878
0.89091667 0.85040280
0.15892605 0.28872373
0.82586461 0.56269164
0.85749594 0.16749651
0.62873692 0.02697505
0.77819857 0.25776683
0.15416909 0.57626838
0.35784535 0.02914019
0.17340842 0.27233633
0.69925733 0.19567007
0.05598321 0.94657269
0.84836287 0.08321874
0.93593282 0.52829823
0.83933427 0.41908386
0.29385292 0.39140816
0.81134264 0.18476958
0.24181096 0.97026868
0.47349332 0.06767557
0.53296032 0.33098926
0.23517208 0.16169724
0.35796431 0.01337065
0.41946407 0.51213339
0.58963904 0.77730942
0.54127359 0.76304745
0.04964575 0.24053091
0.95871752 0.10562896
0.18710361 0.80708039
0.18884770 0.12303642
0.33537862 0.02818197
0.54212028 0.62923153
0.41959013 0.35346292
0.81400112 0.66140109
0.32373160 0.28749444
0.72907666 0.85669192
0.61848369 0.96424874
0.01838916 0.97644800
0.97761939 0.43785323
0.48858139 0.56725843
0.21516265 0.02985498
0.33030588 0.26480840
0.27038589 0.28902340
0.37043736 0.45748950
0.09610379 0.55928506
0.58052592 0.43148241
0.58746704 0.12264620
0.06071394 0.00705717
0.47610912 0.87471506
0.66845826 0.79984072
0.16220950 0.39753491
0.65653264 0.78069319
0.36178365 0.67492180
0.75714119 0.33940304
0.11277503 0.24572258
0.90666147 0.32793768
0.27557756 0.23696735
0.59274609 0.54596345
0.52599075 0.96318345
0.00345295 0.62209454
0.52246851 0.58397887
0.05357694 0.10993555
0.70662507 0.11429088
0.11699272 0.18273419
0.98900594 0.78545097
0.98257490 0.15121544
0.18298588 0.63910754
0.93190863 0.54476954
0.31402934 0.68904982
0.88417258 0.42680437
0.93477240 0.79083405
0.75474205 0.21034996
0.02780139 0.34748814
0.75631341 0.55379214
0.31067158 0.75976637
0.17588668 0.83314010
0.34374524 0.22946362
0.94307564 0.05037031
0.34375450 0.06006836
0.23310450 0.33276044
0.84551933 0.21567941
0.48397588 0.02850522
0.85478695 0.41588450
0.57327475 0.16881629
0.10493432 0.45744733
0.59562066 0.03970672
0.24828137 0.35036271
0.25005668 0.27608277
0.69785085 0.00637009
0.82987491 0.00852243
0.76613646 0.00576159
0.84166253 0.10988170
0.23522521 0.78473817
0.16025201 0.57897971
0.84480653 0.39335651
0.91174015 0.69032586
0.60903592 0.39571603
0.71883107 0.46382287
0.81160053 0.29210582
0.63263915 0.91653485
0.74955315 0.22825981
0.95624157 0.99783453
0.57862252 0.20629824
0.27391730 0.27647336
0.21266833 0.10379220
0.28499579 0.97880479
0.10955379 0.12665832
0.08868649 0.34477900
0.91139648 0.24893850
0.92375870 0.75620301
0.64229501 0.83549885
0.44652887 0.25133093
0.23121488 0.16535994
0.71515380 0.04281540
0.45746577 0.34779295
0.95935025 0.20701892
0.57605276 0.91559182
0.20485345 0.15467528
0.12189006 0.47877074
0.43114864 0.33455840
0.58256295 0.71614443
0.31336319 0.69211674
0.84280275 0.40204968
0.03689574 0.75419923
0.65098817 0.96065444
0.51040224 0.29328319
0.79615329 0.95693111
0.54461412 0.02736817
0.12229106 0.25976792
0.07018357 0.57975682
0.60756087 0.02953383
0.78677575 0.18361363
0.94512565 0.99162920
0.33828890 0.06701571
0.47039994 0.76943754
0.40157411 0.05296289
0.48558197 0.71493729
0.74507963 0.32838471
0.11698697 0.78197537
0.08258394 0.76797514
0.74262981 0.59298618
0.06125833 0.53878310
0.54991730 0.60587245
0.56615127 0.67220835
0.86564036 0.63633484
0.25196518 0.47320123
0.66586867 0.03874092
0.65681486 0.61099432
0.03037012 0.99510376
0.67801003 0.50077006
0.76454130 0.07958413
0.55373294 0.25012327
0.79452143 0.29881257
0.57850799 0.91150840
0.08078794 0.66109193
0.67948354 0.82341775
0.25407812 0.74074187
0.36220085 0.80399541
0.34661432 0.92835212
0.47620377 0.21225468
0.56468696 0.72816894
0.68545591 0.23055562
0.76690986 0.34227077
0.84154994 0.79727998
0.33737453 0.51955996
0.29805003 0.10191584
0.59914410 0.85178298
0.35203911 0.39366552
0.15059555 0.93054710
0.30517392 0.23138349
0.59163903 0.98465746
0.05480124 0.84571715
0.72539933 0.41700208
0.64971257 0.07201364
0.34535420 0.12591633
0.28426832 0.91004116
0.85408527 0.96972423
0.14059678 0.62099513
0.31199500 0.98214672
0.41827511 0.64936953
0.50170668 0.71632514
0.75128537 0.10085078
0.56810811 0.10332448
0.49451630 0.71870366
0.03387158 0.79969021
0.95008715 0.62551062
0.78434767 0.00488839
0.47122777 0.50974700
0.42189047 0.12094033
0.58176064 0.76724467
0.24685666 0.86602896
0.67728583 0.10094193
0.83575319 0.81788261
0.72193706 0.14774819
0.80002933 0.14021217
0.79711772 0.30173601
0.85653731 0.54840309
0.40258678 0.42464542
0.65172758 0.89710308
0.14334909 0.68559916
0.69679329 0.09343624
0.31110978 0.48114096
0.09832463 0.78233754
0.99088796 0.52021510
0.90327788 0.57264860
0.28745977 0.15013454
0.43867755 0.96474560
0.25107647 0.27443074
0.78262821 0.97301354
0.42217893 0.58265754
0.11322570 0.21929665
0.88439354 0.96976301
0.76769974 0.28698032
0.39440843 0.41942732
0.18408340 0.53775752
0.10502648 0.88087670
0.63119376 0.41613625
0.36201766 0.72951838
0.19847380 0.35290562
0.24973348 0.10175167
0.92555422 0.53719326
0.25188621 0.36423177
0.50193886 0.50296269
0.63866251 0.28456707
0.47597622 0.06084144
0.86722460 0.58920193
0.28013809 0.75161815
0.55896494 0.04783783
0.03859847 0.95337337
0.46726515 0.22268187
0.49113089 0.57229162
0.10355857 0.12232464
0.98842787 0.46557623
0.85184302 0.18690167
0.81848186 0.10157651
0.28865334 0.74403608
0.63876976 0.54053956
0.10826785 0.14070862
0.04350225 0.74693036
0.42527569 0.51947847
0.80777180 0.29250029
0.10868039 0.08790989
0.04411844 0.66764533
0.13574772 0.08271691
0.62101870 0.60301286
0.30539878 0.11214959
0.17530448 0.40895736
0.23447423 0.16373236
0.87453359 0.08631726
0.35063403 0.69301545
0.18789376 0.63928737
0.43705152 0.82666352
0.17982693 0.54531937
0.96737215 0.22332917
0.29224973 0.39264783
0.74280764 0.10002152
0.68514813 0.85148804
0.18793141 0.72926657
0.51913337 0.32367913
0.81198348 0.14015207
0.92669199 0.11738226
0.25230166 0.10199647
0.52633962 0.48677589
0.26572883 0.40087321
0.57309315 0.61636286
0.09388865 0.76098691
0.25565023 0.53094017
0.58765044 0.43547715
0.07625954 0.55502258
0.65880633 0.36850927
0.94767042 0.40161397
0.46853079 0.63281855
0.25310201 0.65646221
0.36208511 0.77223538
0.98014133 0.17406859
0.91238745 0.90683332
0.29145085 0.16468911
0.00882979 0.81779047
0.65146501 0.27455862
0.21866368 0.22455816
0.89092148 0.31255233
0.98554507 0.14657170
0.84349251 0.57319551
0.58204886 0.91975205
0.12821810 0.24085518
0.28826132 0.07588851
0.64246915 0.75679211
0.70870706 0.89557116
0.41325432 0.07079217
0.66780654 0.39339565
0.24486076 0.58019399
0.30022897 0.53631161
0.74488311 0.30905876
0.35410208 0.39634812
0.58361738 0.57276576
0.62090628 0.47453886
0.88531809 0.60645135
0.62111056 0.72881060
0.17964686 0.20315942
0.64856265 0.30786496
0.44401460 0.93682397
0.38375347 0.08648375
0.69361608 0.09246053
0.98205492 0.10687040
0.16325270 0.64986146
0.50026605 0.40811346
0.23005545 0.80049502
0.94442508 0.97493856
0.10955379 0.29852716
0.37128667 0.69317117
0.87129292 0.99219295
0.16771003 0.75661101
0.59864430 0.78882059
0.48542161 0.77829116
0.99198001 0.13398426
0.08615612 0.43599461
0.07080823 0.46990959
0.52247836 0.76442431
0.56237013 0.50453327
0.87129471 0.72562283
0.15439473 0.37156076
0.13373630 0.38445018
0.17205578 0.07816137
0.35938874 0.28160957
0.37668853 0.73067541
0.97478074 0.24798145
0.72286836 0.14249077
0.00459247 0.32151265
0.93131136 0.49001408
0.09980382 0.92329137
0.62399834 0.18595994
0.35928598 0.69480657
0.65586953 0.88176433
0.45923087 0.21823966
0.38629761 0.33052558
0.94386249 0.54069234
0.70208634 0.07759878
0.92514252 0.87414212
0.15576016 0.28453126
0.15575169 0.53244869
0.01520666 0.13053243
0.78043015 0.73807502
0.27302320 0.78502261
0.05958768 0.20433456
0.27503669 0.15939149
0.12762593 0.89903503
0.34535143 0.48691190
0.59384160 0.00122096
0.36867624 0.05307248
0.21946062 0.75497385
0.38359806 0.16332311
0.29566618 0.08568440
0.24092189 0.22080870
0.95982652 0.39668205
0.50533996 0.11557821
0.92913074 0.52054662
0.24611064 0.70956088
0.25862165 0.51913384
0.49458350 0.31820932
0.72346840 0.76962019
0.47760081 0.85109433
0.66865522 0.82295224
0.33800623 0.26249682
0.82417320 0.70668247
0.31556930 0.04363382
0.46165632 0.69916736
0.20695692 0.75732250
0.78485176 0.44787882
0.97813120 0.74467828
0.84456087 0.48347116
0.86025648 0.77369160
0.00401779 0.10636712
0.48325249 0.26263943
0.62550096 0.97783599
0.58084875 0.34896936
0.74745618 0.05844957
0.20006368 0.41611140
0.88140181 0.53806992
0.67860823 0.70557501
0.24475239 0.99417753
0.74920883 0.70640870
0.69334488 0.95616575
0.46373120 0.47819664
0.40404457 0.44186241
0.22287492 0.24860543
0.92533357 0.08313140
0.02229704 0.92935136
0.18949852 0.50554953
0.19199079 0.81499948
0.48338551 0.77283954
0.16396884 0.23084169
0.83128911 0.36403252
0.64695309 0.71269091
0.90210244 0.32556132
0.41826592 0.14685482
0.31973885 0.16747475
0.85326353 0.01308373
0.12364050 0.31699473
0.49128037 0.52768507
0.75885714 0.71415529
0.77629050 0.68419071
0.79728668 0.79858754
0.61354206 0.98678521
0.30413707 0.80553285
0.80178469 0.78752258
0.57837239 0.96575353
0.01836427 0.40966149
0.32978605 0.66531736
0.12235241 0.23188849
0.99087868 0.54061833
0.37874331 0.31061752
0.70809307 0.23200684
0.32370125 0.83173357
0.54900157 0.81498162
0.35941864 0.30785871
0.52913691 0.13570914
0.99204941 0.32642359
0.93429668 0.60559148
0.31320880 0.23843375
0.41112433 0.11499349
0.02595633 0.98949671
0.08074701 0.04432059
0.39915821 0.41053306
0.70963795 0.52151061
0.64242155 0.70051663
0.06212894 0.02116486
0.01113415 0.77022201
0.25317170 0.33483541
0.60195559 0.80217326
0.14981703 0.96137423
0.11003197 0.67895394
0.09708337 0.10208138
0.00537753 0.03138005
0.70767286 0.31858633
0.26981380 0.11879718
0.43357982 0.29577012
0.10829390 0.51432683
0.34009072 0.50745210
0.92485990 0.04972867
0.02896272 0.56728144
0.75024530 0.09109165
0.58844630 0.76137946
0.86131367 0.84161800
0.09621486 0.46326925
0.64379126 0.24603190
0.42464348 0.75382323
0.92498583 0.52172685
0.85590462 0.93036337
0.55310690 0.56357748
0.24894970 0.82292070
0.68237466 0.68252952
0.11869082 0.79066856
0.19685635 0.45878154
0.29812066 0.12171625
0.50851021 0.32708338
0.68899770 0.25875551
0.41817503 0.27744400
0.02013497 0.27948870
0.11906200 0.11634983
0.74275795 0.76285326
0.36238173 0.16740143
0.51667649 0.28736756
0.68912828 0.37258111
0.21773093 0.24223517
0.93615859 0.46668063
0.06515587 0.61853325
0.14921015 0.18384669
0.40920181 0.34606650
0.64262823 0.70732247
0.46778275 0.15113843
0.03440585 0.15678045
0.40989394 0.45258088
0.43422444 0.43002891
0.73206958 0.55328644
0.54637874 0.47482753
0.31613970 0.90876047
0.64222896 0.83281619
0.19612803 0.33135724
0.20539730 0.41385896
0.57359241 0.14155589
0.88053959 0.63874829
0.76008914 0.02974973
0.82259498 0.16929095
0.37581624 0.46522320
0.87661342 0.84359899
0.61636164 0.91101927
0.00037943 0.02625558
0.36360015 0.43460388
0.45628449 0.09566974
0.98789032 0.00266324
0.57049727 0.30403002
0.91142371 0.21272623
0.13684621 0.10755174
0.54408347 0.34224352
0.52141070 0.11767589
0.48379941 0.40195028
0.75642417 0.24388855
0.43170002 0.57901915
0.41317949 0.80751626
0.04424235 0.28979291
0.65111524 0.66060399
0.20081218 0.65149468
0.68685957 0.56441233
0.08609856 0.14314406
0.66008207 0.07398888
0.14580730 0.23057934
0.37801890 0.05723100
0.44330557 0.51486511
0.16478274 0.98738905
0.85710863 0.68619344
0.10506494 0.34090803
0.08814372 0.86148911
0.58479658 0.51984374
0.44050826 0.99797608
0.32736000 0.48475061
0.28776899 0.97847524
0.14535460 0.48858117
0.62996992 0.83221417
0.05299350 0.71606847
0.97535824 0.71307557
0.79005735 0.12116554
0.94365491 0.16807625
0.17839654 0.38696048
0.68294135 0.34317928
0.37434953 0.54004998
0.02937272 0.47941447
0.88095801 0.11751645
0.34090358 0.46575460
0.63736019 0.78141184
0.46373067 0.96472019
0.26616246 0.75149966
0.94319543 0.41151706
0.24008083 0.57316535
0.24373123 0.29307433
0.28923382 0.21908947
0.00614990 0.07929117
0.34025500 0.94980481
0.24736742 0.51865154
0.33676530 0.93030877
0.86183083 0.71111483
0.47035875 0.89120355
0.19052930 0.35131676
0.00871999 0.53143288
0.81707136 0.64608018
0.31284472 0.28080203
0.61080037 0.57900718
0.03230169 0.55399580
0.99052424 0.27238252
0.12716115 0.23425547
0.56545685 0.41639497
0.45334494 0.57160675
0.49568614 0.79359994
0.52141156 0.74305355
0.31225148 0.85817686
0.67336232 0.17408231
0.56929169 0.14372107
0.06528586 0.75982099
0.49503784 0.07400585
0.29125387 0.31210920
0.72008604 0.60409859
0.59291123 0.33088641
0.18310577 0.62521292
0.88488221 0.17363001
0.89759544 0.01204335
0.40788548 0.46305229
0.42843832 0.86123042
0.03465904 0.92412445
0.65483036 0.55607061
0.66717800 0.96708184
0.41424746 0.34054033
0.14116415 0.98353915
0.48426140 0.20645000
0.74336014 0.97929923
0.28045586 0.03461401
0.29140843 0.00054189
0.63871260 0.88431966
0.33142830 0.82181837
0.50953258 0.21631050
0.99544838 0.40712803
0.22835385 0.40333386
0.87018032 0.65679217
0.26456428 0.90483936
0.58091662 0.91939463
0.46090997 0.24809462
0.88647647 0.87515743
0.58863495 0.02764062
0.85869658 0.07289635
0.23409062 0.60205672
0.05219558 0.51454648
0.63667073 0.34360401
0.51508837 0.27538333
0.22792367 0.84651667
0.09720170 0.73745626
0.06282717 0.09265008
0.14458428 0.29118102
0.49598394 0.01476460
0.94797319 0.76054822
0.91960396 0.52888980
0.67994285 0.38051393
0.77698443 0.56641932
0.25567136 0.36561938
0.59405994 0.11436795
0.43851572 0.82815056
0.71642467 0.49071131
0.34269704 0.35309540
0.83431532 0.85778541
0.62847873 0.06223899
0.70430208 0.72568043
0.79969525 0.76712924
0.81833051 0.94427953
0.05831026 0.31431445
0.95904413 0.00628344
0.07486267 0.87864809
0.53517325 0.75480552
0.25916202 0.31215767
0.32122484 0.51483338
0.67777705 0.91528477
0.62920133 0.11629277
0.74343534 0.34562600
0.60700408 0.08613238
0.69872140 0.44131940
0.94391779 0.32720014
0.50355839 0.64821986
0.05288057 0.30325364
0.41534910 0.87121108
0.24753317 0.47365936
0.18552554 0.20657730
0.47994280 0.26038821
0.08522539 0.01511605
0.01519372 0.34438741
0.32727373 0.33641856
0.85922080 0.00505078
0.25170333 0.48842213
0.12134355 0.99513867
0.83404813 0.72834763
0.08127104 0.53276953
0.16966703 0.02518883
0.85996967 0.67322542
0.67340869 0.91285024
0.97647906 0.08875779
0.78406132 0.22401223
0.56241715 0.96958686
